0 0.493164 0.273438 0.744141 0.441406
10 0.214844 0.428711 0.113281 0.099609
11 0.286133 0.276367 0.099609 0.087891
3 0.316406 0.219727 0.074219 0.099609
2 0.375000 0.188477 0.074219 0.083984
12 0.551758 0.169922 0.099609 0.089844
13 0.631836 0.188477 0.072266 0.083984
14 0.681641 0.218750 0.082031 0.093750
15 0.734375 0.314453 0.097656 0.089844
16 0.764648 0.424805 0.111328 0.095703
6 0.748047 0.662109 0.109375 0.089844
7 0.692383 0.750000 0.076172 0.074219
17 0.647461 0.781250 0.064453 0.085938
18 0.536133 0.808594 0.064453 0.074219
22 0.413086 0.800781 0.064453 0.082031
20 0.303711 0.752930 0.080078 0.080078
21 0.277344 0.720703 0.089844 0.082031
4 0.486328 0.743164 0.722656 0.416016
5 0.487305 0.652344 0.435547 0.269531
