0 0.494141 0.274414 0.742188 0.439453
10 0.215820 0.427734 0.111328 0.097656
23 0.233398 0.374023 0.119141 0.111328
11 0.286133 0.274414 0.099609 0.087891
3 0.318359 0.219727 0.082031 0.103516
13 0.627930 0.189453 0.076172 0.082031
14 0.681641 0.218750 0.078125 0.097656
16 0.763672 0.422852 0.113281 0.099609
6 0.747070 0.662109 0.107422 0.093750
7 0.691406 0.750000 0.078125 0.074219
24 0.595703 0.799805 0.062500 0.080078
8 0.243164 0.665039 0.111328 0.095703
4 0.487305 0.743164 0.720703 0.419922
5 0.489258 0.657227 0.439453 0.279297
