0 0.493164 0.272461 0.740234 0.443359
10 0.215820 0.427734 0.111328 0.093750
11 0.287109 0.274414 0.101562 0.087891
3 0.316406 0.218750 0.082031 0.105469
14 0.679688 0.217773 0.082031 0.099609
15 0.733398 0.314453 0.095703 0.089844
25 0.753906 0.373047 0.121094 0.109375
16 0.764648 0.426758 0.115234 0.091797
6 0.746094 0.662109 0.109375 0.093750
26 0.357422 0.785156 0.070312 0.093750
20 0.302734 0.752930 0.078125 0.080078
4 0.486328 0.742188 0.722656 0.417969
5 0.487305 0.654297 0.435547 0.273438
