0 0.493164 0.322266 0.744141 0.566406
10 0.214844 0.506836 0.113281 0.111328
27 0.255859 0.336914 0.093750 0.091797
3 0.317383 0.205078 0.083984 0.101562
2 0.374023 0.156250 0.076172 0.074219
12 0.549805 0.133789 0.099609 0.076172
14 0.678711 0.208008 0.080078 0.095703
28 0.708008 0.280273 0.095703 0.083984
15 0.734375 0.347656 0.097656 0.082031
25 0.754883 0.433594 0.115234 0.121094
29 0.760742 0.665039 0.103516 0.068359
6 0.750977 0.689453 0.103516 0.078125
30 0.718750 0.701172 0.085938 0.074219
17 0.654297 0.711914 0.054688 0.091797
24 0.595703 0.717773 0.062500 0.083984
19 0.472656 0.719727 0.066406 0.087891
26 0.357422 0.710938 0.066406 0.093750
20 0.294922 0.704102 0.062500 0.080078
21 0.263672 0.700195 0.062500 0.080078
8 0.235352 0.687500 0.099609 0.070312
9 0.215820 0.658203 0.095703 0.066406
4 0.484375 0.763672 0.714844 0.253906
5 0.489258 0.650391 0.431641 0.160156
