0 0.493164 0.324219 0.744141 0.562500
10 0.215820 0.505859 0.111328 0.117188
23 0.232422 0.422852 0.121094 0.123047
27 0.253906 0.336914 0.093750 0.087891
11 0.285156 0.276367 0.097656 0.087891
3 0.316406 0.206055 0.078125 0.099609
2 0.374023 0.156250 0.072266 0.074219
1 0.451172 0.131836 0.097656 0.080078
12 0.551758 0.133789 0.095703 0.080078
13 0.629883 0.161133 0.072266 0.072266
14 0.680664 0.208008 0.080078 0.095703
28 0.708008 0.281250 0.099609 0.082031
15 0.733398 0.345703 0.095703 0.078125
25 0.753906 0.432617 0.117188 0.119141
16 0.762695 0.514648 0.111328 0.107422
29 0.757812 0.663086 0.105469 0.064453
30 0.736328 0.704102 0.046875 0.076172
7 0.702148 0.708008 0.056641 0.080078
17 0.653320 0.710938 0.056641 0.093750
24 0.595703 0.718750 0.062500 0.085938
18 0.537109 0.718750 0.066406 0.082031
19 0.471680 0.719727 0.060547 0.087891
22 0.412109 0.715820 0.062500 0.083984
26 0.352539 0.709961 0.060547 0.095703
20 0.292969 0.703125 0.058594 0.078125
8 0.243164 0.686523 0.111328 0.072266
9 0.216797 0.656250 0.097656 0.066406
4 0.484375 0.764648 0.722656 0.251953
5 0.489258 0.623047 0.431641 0.105469
