0 0.493164 0.322266 0.744141 0.566406
10 0.214844 0.504883 0.113281 0.111328
23 0.232422 0.422852 0.117188 0.123047
27 0.253906 0.336914 0.089844 0.091797
2 0.372070 0.155273 0.076172 0.072266
1 0.453125 0.131836 0.097656 0.080078
12 0.548828 0.133789 0.101562 0.080078
13 0.628906 0.162109 0.074219 0.070312
28 0.708008 0.281250 0.099609 0.085938
15 0.734375 0.346680 0.097656 0.080078
29 0.758789 0.662109 0.103516 0.066406
24 0.596680 0.718750 0.060547 0.082031
18 0.536133 0.718750 0.064453 0.085938
19 0.471680 0.719727 0.064453 0.087891
26 0.356445 0.710938 0.068359 0.093750
20 0.292969 0.703125 0.058594 0.078125
9 0.221680 0.656250 0.111328 0.066406
4 0.486328 0.768555 0.722656 0.248047
5 0.491211 0.649414 0.435547 0.158203
