0 0.517578 0.266602 0.726562 0.439453
16 0.737305 0.423828 0.119141 0.097656
28 0.553711 0.270508 0.099609 0.083984
13 0.416016 0.186523 0.085938 0.083984
1 0.253906 0.161133 0.109375 0.095703
23 0.227539 0.365234 0.126953 0.113281
10 0.268555 0.435547 0.119141 0.058594
4 0.501953 0.739258 0.710938 0.419922
6 0.651367 0.660156 0.130859 0.089844
7 0.514648 0.747070 0.083984 0.076172
24 0.368164 0.793945 0.068359 0.083984
18 0.304688 0.804688 0.066406 0.078125
22 0.217773 0.794922 0.064453 0.082031
26 0.191406 0.779297 0.050781 0.089844
20 0.184570 0.738281 0.076172 0.070312
9 0.253906 0.585938 0.082031 0.093750
5 0.490234 0.643555 0.484375 0.271484
