0 0.518555 0.263672 0.728516 0.441406
16 0.738281 0.424805 0.113281 0.095703
25 0.672852 0.373047 0.123047 0.109375
15 0.610352 0.314453 0.103516 0.093750
13 0.416016 0.185547 0.089844 0.089844
12 0.330078 0.163086 0.117188 0.091797
1 0.246094 0.160156 0.093750 0.093750
3 0.185547 0.209961 0.089844 0.103516
27 0.204102 0.310547 0.103516 0.082031
23 0.228516 0.376953 0.128906 0.082031
10 0.267578 0.436523 0.113281 0.056641
4 0.502930 0.739258 0.708984 0.416016
29 0.721680 0.594727 0.126953 0.095703
6 0.650391 0.659180 0.128906 0.091797
7 0.514648 0.746094 0.080078 0.078125
17 0.438477 0.780273 0.076172 0.091797
24 0.367188 0.795898 0.066406 0.087891
18 0.305664 0.805664 0.068359 0.080078
22 0.218750 0.795898 0.062500 0.080078
26 0.190430 0.777344 0.048828 0.093750
20 0.185547 0.738281 0.082031 0.070312
8 0.212891 0.655273 0.085938 0.087891
9 0.254883 0.576172 0.080078 0.078125
5 0.487305 0.645508 0.478516 0.267578
