0 0.520508 0.265625 0.724609 0.441406
16 0.739258 0.423828 0.111328 0.097656
25 0.674805 0.373047 0.119141 0.109375
15 0.610352 0.311523 0.095703 0.087891
28 0.552734 0.270508 0.097656 0.080078
14 0.496094 0.215820 0.085938 0.099609
13 0.416016 0.185547 0.085938 0.085938
12 0.330078 0.166016 0.113281 0.089844
1 0.248047 0.160156 0.093750 0.093750
2 0.196289 0.181641 0.060547 0.089844
3 0.183594 0.208008 0.089844 0.099609
11 0.197266 0.276367 0.109375 0.064453
27 0.203125 0.323242 0.097656 0.056641
23 0.227539 0.377930 0.126953 0.083984
10 0.267578 0.437500 0.113281 0.054688
4 0.500000 0.738281 0.710938 0.421875
29 0.718750 0.591797 0.128906 0.093750
6 0.652344 0.661133 0.128906 0.091797
30 0.572266 0.713867 0.101562 0.080078
7 0.513672 0.746094 0.082031 0.078125
17 0.438477 0.778320 0.080078 0.087891
24 0.367188 0.795898 0.070312 0.083984
19 0.255859 0.804688 0.066406 0.082031
22 0.211914 0.795898 0.052734 0.087891
26 0.191406 0.776367 0.050781 0.091797
20 0.185547 0.740234 0.074219 0.070312
21 0.205078 0.695312 0.078125 0.050781
8 0.219727 0.648438 0.087891 0.078125
5 0.489258 0.649414 0.486328 0.275391
