0 0.518555 0.265625 0.728516 0.441406
16 0.740234 0.423828 0.113281 0.097656
25 0.672852 0.373047 0.126953 0.109375
14 0.496094 0.218750 0.089844 0.101562
13 0.415039 0.184570 0.087891 0.087891
12 0.329102 0.163086 0.115234 0.091797
1 0.249023 0.162109 0.087891 0.097656
2 0.195312 0.181641 0.062500 0.089844
11 0.197266 0.265625 0.113281 0.082031
27 0.204102 0.322266 0.099609 0.058594
23 0.229492 0.376953 0.126953 0.085938
10 0.268555 0.433594 0.119141 0.066406
29 0.719727 0.592773 0.130859 0.091797
6 0.651367 0.660156 0.130859 0.089844
30 0.573242 0.714844 0.099609 0.082031
7 0.513672 0.748047 0.082031 0.074219
24 0.369141 0.795898 0.062500 0.083984
18 0.304688 0.803711 0.058594 0.076172
19 0.251953 0.805664 0.062500 0.083984
22 0.210938 0.794922 0.046875 0.082031
26 0.188477 0.777344 0.048828 0.089844
20 0.186523 0.739258 0.083984 0.072266
21 0.203125 0.698242 0.085938 0.048828
8 0.218750 0.648438 0.089844 0.082031
4 0.501953 0.739258 0.710938 0.423828
5 0.486328 0.644531 0.484375 0.269531
