0 0.517578 0.265625 0.730469 0.441406
25 0.672852 0.373047 0.123047 0.117188
13 0.416992 0.187500 0.087891 0.085938
3 0.185547 0.207031 0.093750 0.109375
29 0.720703 0.592773 0.128906 0.095703
30 0.573242 0.714844 0.099609 0.078125
17 0.437500 0.778320 0.074219 0.087891
22 0.217773 0.796875 0.060547 0.078125
26 0.203125 0.778320 0.078125 0.087891
20 0.186523 0.739258 0.080078 0.072266
9 0.255859 0.585938 0.082031 0.093750
4 0.500977 0.737305 0.712891 0.423828
5 0.488281 0.650391 0.480469 0.277344
