0 0.534180 0.256836 0.740234 0.439453
15 0.679688 0.304688 0.097656 0.093750
13 0.512695 0.178711 0.076172 0.083984
1 0.336914 0.154297 0.103516 0.093750
2 0.266602 0.176758 0.064453 0.087891
3 0.239258 0.204102 0.080078 0.103516
11 0.233398 0.260742 0.103516 0.087891
23 0.230469 0.363281 0.125000 0.105469
10 0.249023 0.428711 0.115234 0.060547
4 0.524414 0.731445 0.712891 0.419922
29 0.758789 0.581055 0.123047 0.091797
6 0.710938 0.653320 0.125000 0.087891
7 0.601562 0.741211 0.082031 0.076172
17 0.535156 0.770508 0.074219 0.087891
19 0.342773 0.799805 0.064453 0.076172
26 0.264648 0.772461 0.072266 0.095703
20 0.232422 0.735352 0.078125 0.076172
21 0.234375 0.693359 0.082031 0.058594
8 0.233398 0.648438 0.095703 0.089844
5 0.505859 0.642578 0.457031 0.277344
