23 0.231445 0.361328 0.123047 0.113281
11 0.233398 0.263672 0.103516 0.082031
3 0.241211 0.203125 0.087891 0.101562
2 0.267578 0.174805 0.062500 0.087891
1 0.335938 0.155273 0.093750 0.091797
12 0.424805 0.158203 0.107422 0.093750
13 0.511719 0.177734 0.074219 0.085938
14 0.586914 0.208984 0.076172 0.097656
28 0.631836 0.262695 0.099609 0.083984
15 0.677734 0.303711 0.101562 0.087891
25 0.727539 0.363281 0.119141 0.109375
16 0.773438 0.415039 0.113281 0.095703
0 0.533203 0.258789 0.738281 0.435547
4 0.524414 0.731445 0.716797 0.416016
6 0.710938 0.650391 0.125000 0.089844
30 0.647461 0.706055 0.099609 0.080078
7 0.602539 0.741211 0.080078 0.076172
17 0.537109 0.769531 0.074219 0.089844
24 0.468750 0.789062 0.066406 0.078125
18 0.403320 0.797852 0.068359 0.076172
19 0.343750 0.799805 0.062500 0.083984
22 0.293945 0.790039 0.056641 0.083984
26 0.250977 0.771484 0.044922 0.097656
20 0.231445 0.737305 0.076172 0.076172
21 0.233398 0.695312 0.076172 0.058594
8 0.234375 0.648438 0.101562 0.097656
9 0.250977 0.576172 0.095703 0.085938
5 0.507812 0.634766 0.449219 0.269531
