0 0.534180 0.257812 0.740234 0.437500
10 0.230469 0.370117 0.125000 0.099609
27 0.223633 0.317383 0.099609 0.060547
11 0.232422 0.261719 0.109375 0.085938
3 0.242188 0.204102 0.082031 0.099609
1 0.336914 0.156250 0.103516 0.089844
13 0.511719 0.178711 0.078125 0.083984
14 0.587891 0.208984 0.078125 0.093750
28 0.632812 0.264648 0.101562 0.087891
15 0.678711 0.304688 0.099609 0.085938
25 0.726562 0.366211 0.121094 0.111328
29 0.758789 0.583008 0.123047 0.091797
6 0.710938 0.652344 0.125000 0.093750
30 0.648438 0.706055 0.097656 0.076172
7 0.603516 0.740234 0.078125 0.078125
17 0.535156 0.771484 0.074219 0.089844
18 0.403320 0.798828 0.068359 0.074219
19 0.343750 0.799805 0.062500 0.080078
26 0.265625 0.771484 0.074219 0.089844
20 0.233398 0.738281 0.080078 0.082031
21 0.232422 0.698242 0.089844 0.064453
8 0.232422 0.649414 0.097656 0.091797
9 0.249023 0.579102 0.099609 0.091797
4 0.525391 0.732422 0.707031 0.421875
5 0.506836 0.643555 0.447266 0.279297
