0 0.496094 0.268555 0.722656 0.400391
1 0.222656 0.209961 0.101562 0.107422
2 0.168945 0.209961 0.060547 0.091797
23 0.209961 0.328125 0.126953 0.101562
10 0.278320 0.383789 0.064453 0.037109
13 0.384766 0.250000 0.089844 0.097656
28 0.523438 0.326172 0.101562 0.074219
25 0.647461 0.402344 0.123047 0.093750
29 0.695312 0.600586 0.132812 0.107422
7 0.483398 0.793945 0.080078 0.095703
17 0.408203 0.826172 0.078125 0.089844
24 0.333008 0.841797 0.072266 0.078125
20 0.164062 0.729492 0.082031 0.076172
9 0.250000 0.523438 0.101562 0.105469
5 0.467773 0.634766 0.486328 0.359375
4 0.479492 0.710938 0.708984 0.535156
