0 0.496094 0.269531 0.726562 0.402344
1 0.218750 0.212891 0.093750 0.109375
2 0.168945 0.213867 0.056641 0.095703
3 0.138672 0.222656 0.046875 0.105469
11 0.174805 0.282227 0.107422 0.044922
23 0.207031 0.337891 0.132812 0.085938
10 0.276367 0.380859 0.072266 0.039062
12 0.297852 0.229492 0.111328 0.103516
13 0.384766 0.252930 0.085938 0.095703
15 0.583008 0.359375 0.103516 0.078125
25 0.648438 0.403320 0.121094 0.091797
16 0.716797 0.436523 0.113281 0.072266
6 0.624023 0.683594 0.126953 0.105469
30 0.541016 0.748047 0.101562 0.085938
7 0.481445 0.788086 0.083984 0.080078
17 0.406250 0.828125 0.082031 0.085938
18 0.277344 0.845703 0.070312 0.070312
19 0.222656 0.837891 0.058594 0.074219
22 0.191406 0.815430 0.066406 0.083984
26 0.177734 0.783203 0.078125 0.085938
20 0.163086 0.728516 0.080078 0.074219
8 0.205078 0.611328 0.097656 0.101562
9 0.250977 0.517578 0.103516 0.093750
4 0.481445 0.710938 0.712891 0.539062
5 0.467773 0.635742 0.490234 0.365234
