0 0.535156 0.228516 0.742188 0.367188
1 0.333984 0.187500 0.101562 0.109375
3 0.243164 0.205078 0.080078 0.109375
11 0.234375 0.241211 0.105469 0.083984
27 0.222656 0.289062 0.101562 0.066406
23 0.241211 0.323242 0.107422 0.068359
10 0.263672 0.360352 0.089844 0.033203
12 0.425781 0.196289 0.109375 0.107422
13 0.512695 0.212891 0.080078 0.093750
14 0.590820 0.240234 0.076172 0.101562
28 0.633789 0.277344 0.099609 0.078125
15 0.681641 0.308594 0.097656 0.085938
25 0.730469 0.349609 0.117188 0.089844
16 0.778320 0.381836 0.107422 0.080078
29 0.761719 0.544922 0.125000 0.105469
6 0.713867 0.632812 0.126953 0.105469
30 0.649414 0.702148 0.099609 0.083984
7 0.604492 0.747070 0.080078 0.080078
17 0.541016 0.789062 0.074219 0.085938
24 0.469727 0.808594 0.068359 0.078125
18 0.405273 0.816406 0.064453 0.066406
19 0.348633 0.813477 0.060547 0.072266
22 0.295898 0.793945 0.056641 0.076172
26 0.269531 0.766602 0.074219 0.087891
20 0.236328 0.714844 0.082031 0.078125
21 0.237305 0.660156 0.080078 0.074219
8 0.237305 0.590820 0.099609 0.103516
9 0.254883 0.501953 0.099609 0.105469
4 0.528320 0.682617 0.708984 0.521484
5 0.510742 0.605469 0.451172 0.367188
