0 0.535156 0.229492 0.742188 0.373047
1 0.336914 0.187500 0.103516 0.109375
2 0.269531 0.194336 0.066406 0.095703
3 0.226562 0.201172 0.050781 0.097656
11 0.235352 0.240234 0.103516 0.093750
27 0.223633 0.281250 0.103516 0.066406
23 0.243164 0.324219 0.107422 0.070312
10 0.264648 0.358398 0.087891 0.041016
13 0.514648 0.213867 0.083984 0.095703
28 0.634766 0.279297 0.101562 0.078125
15 0.682617 0.308594 0.103516 0.089844
29 0.761719 0.543945 0.125000 0.103516
30 0.649414 0.701172 0.099609 0.085938
7 0.603516 0.750000 0.082031 0.089844
17 0.538086 0.788086 0.076172 0.087891
18 0.407227 0.817383 0.068359 0.072266
22 0.299805 0.796875 0.064453 0.082031
26 0.269531 0.769531 0.074219 0.085938
20 0.235352 0.717773 0.080078 0.076172
21 0.236328 0.659180 0.082031 0.072266
8 0.238281 0.592773 0.101562 0.107422
4 0.528320 0.681641 0.712891 0.523438
5 0.510742 0.604492 0.451172 0.361328
