0 0.542969 0.306641 0.730469 0.523438
11 0.222656 0.309570 0.113281 0.072266
3 0.213867 0.232422 0.099609 0.097656
2 0.236328 0.189453 0.089844 0.082031
1 0.283203 0.155273 0.109375 0.087891
14 0.524414 0.202148 0.091797 0.095703
28 0.580078 0.258789 0.101562 0.087891
15 0.636719 0.309570 0.101562 0.091797
29 0.746094 0.603516 0.128906 0.082031
6 0.677734 0.660156 0.128906 0.070312
30 0.598633 0.697266 0.099609 0.074219
17 0.465820 0.743164 0.080078 0.087891
24 0.395508 0.764648 0.072266 0.083984
18 0.333984 0.776367 0.066406 0.083984
19 0.281250 0.783203 0.062500 0.082031
22 0.238281 0.785156 0.046875 0.082031
26 0.206055 0.775391 0.033203 0.097656
9 0.263672 0.658203 0.058594 0.082031
5 0.506836 0.643555 0.470703 0.201172
4 0.526367 0.757812 0.708984 0.382812
