0 0.542969 0.307617 0.730469 0.517578
10 0.291016 0.508789 0.117188 0.080078
23 0.252930 0.431641 0.126953 0.105469
11 0.223633 0.308594 0.111328 0.070312
3 0.212891 0.232422 0.097656 0.101562
2 0.237305 0.189453 0.091797 0.085938
1 0.283203 0.156250 0.109375 0.082031
13 0.442383 0.164062 0.087891 0.074219
25 0.698242 0.377930 0.119141 0.123047
16 0.763672 0.444336 0.117188 0.111328
29 0.743164 0.605469 0.126953 0.082031
7 0.540039 0.720703 0.083984 0.078125
18 0.333984 0.777344 0.066406 0.085938
19 0.279297 0.783203 0.062500 0.085938
22 0.238281 0.782227 0.050781 0.080078
20 0.208008 0.755859 0.072266 0.070312
8 0.237305 0.704102 0.080078 0.060547
9 0.264648 0.650391 0.056641 0.058594
5 0.502930 0.656250 0.466797 0.226562
4 0.526367 0.754883 0.712891 0.380859
