0 0.542969 0.305664 0.726562 0.521484
16 0.762695 0.445312 0.115234 0.109375
25 0.700195 0.379883 0.123047 0.126953
15 0.636719 0.310547 0.101562 0.089844
28 0.581055 0.258789 0.103516 0.083984
14 0.521484 0.200195 0.089844 0.095703
13 0.444336 0.165039 0.083984 0.076172
12 0.356445 0.147461 0.115234 0.080078
1 0.277344 0.157227 0.101562 0.087891
2 0.239258 0.189453 0.087891 0.082031
3 0.212891 0.232422 0.097656 0.101562
11 0.221680 0.308594 0.111328 0.070312
23 0.249023 0.430664 0.126953 0.103516
10 0.290039 0.508789 0.119141 0.080078
29 0.745117 0.605469 0.126953 0.078125
6 0.677734 0.661133 0.128906 0.072266
17 0.465820 0.746094 0.080078 0.093750
24 0.393555 0.763672 0.064453 0.089844
18 0.334961 0.775391 0.068359 0.085938
19 0.280273 0.784180 0.060547 0.087891
22 0.237305 0.784180 0.044922 0.080078
26 0.212891 0.780273 0.042969 0.095703
20 0.208008 0.755859 0.072266 0.066406
21 0.230469 0.721680 0.074219 0.033203
9 0.266602 0.659180 0.060547 0.076172
5 0.504883 0.642578 0.478516 0.199219
4 0.527344 0.756836 0.710938 0.380859
