0 0.542969 0.304688 0.730469 0.523438
10 0.291016 0.497070 0.117188 0.099609
11 0.222656 0.307617 0.109375 0.068359
3 0.213867 0.233398 0.095703 0.099609
2 0.234375 0.189453 0.089844 0.085938
13 0.445312 0.165039 0.093750 0.072266
15 0.636719 0.310547 0.101562 0.089844
25 0.700195 0.379883 0.123047 0.126953
29 0.744141 0.606445 0.125000 0.080078
17 0.465820 0.747070 0.083984 0.087891
18 0.334961 0.775391 0.068359 0.082031
22 0.245117 0.785156 0.060547 0.078125
26 0.210938 0.778320 0.035156 0.091797
20 0.208984 0.761719 0.074219 0.074219
21 0.230469 0.729492 0.074219 0.048828
8 0.238281 0.700195 0.074219 0.048828
9 0.263672 0.652344 0.054688 0.066406
5 0.507812 0.661133 0.472656 0.232422
4 0.526367 0.752930 0.712891 0.380859
