0 0.530273 0.335938 0.740234 0.554688
10 0.249023 0.533203 0.115234 0.101562
27 0.224609 0.379883 0.097656 0.080078
11 0.235352 0.318359 0.107422 0.078125
3 0.241211 0.246094 0.087891 0.097656
2 0.275391 0.196289 0.085938 0.080078
1 0.336914 0.161133 0.103516 0.083984
12 0.421875 0.154297 0.109375 0.078125
13 0.510742 0.172852 0.080078 0.072266
14 0.584961 0.213867 0.083984 0.095703
28 0.632812 0.275391 0.101562 0.085938
15 0.678711 0.332031 0.099609 0.089844
25 0.725586 0.410156 0.123047 0.125000
16 0.771484 0.484375 0.113281 0.113281
29 0.760742 0.639648 0.123047 0.072266
6 0.709961 0.681641 0.126953 0.070312
7 0.602539 0.720703 0.080078 0.074219
17 0.535156 0.739258 0.078125 0.091797
18 0.405273 0.762695 0.068359 0.083984
19 0.344727 0.770508 0.060547 0.087891
22 0.295898 0.771484 0.060547 0.082031
26 0.251953 0.770508 0.042969 0.095703
20 0.229492 0.757812 0.072266 0.082031
21 0.233398 0.731445 0.095703 0.060547
8 0.242188 0.697266 0.082031 0.027344
9 0.248047 0.670898 0.078125 0.037109
5 0.501953 0.667969 0.441406 0.191406
4 0.525391 0.777344 0.714844 0.332031
