0 0.533203 0.335938 0.742188 0.562500
10 0.248047 0.538086 0.117188 0.091797
23 0.231445 0.455078 0.123047 0.117188
11 0.234375 0.322266 0.109375 0.078125
3 0.241211 0.246094 0.087891 0.101562
12 0.421875 0.156250 0.109375 0.078125
13 0.510742 0.172852 0.080078 0.072266
14 0.585938 0.211914 0.082031 0.095703
15 0.679688 0.331055 0.097656 0.091797
25 0.728516 0.410156 0.121094 0.125000
16 0.771484 0.484375 0.117188 0.113281
6 0.708008 0.679688 0.126953 0.074219
18 0.405273 0.763672 0.068359 0.085938
19 0.343750 0.770508 0.062500 0.087891
26 0.261719 0.772461 0.062500 0.091797
21 0.230469 0.750000 0.082031 0.070312
8 0.233398 0.725586 0.103516 0.076172
9 0.247070 0.675781 0.080078 0.046875
5 0.509766 0.671875 0.449219 0.199219
4 0.525391 0.777344 0.714844 0.332031
