0 0.534180 0.334961 0.740234 0.548828
23 0.230469 0.460938 0.125000 0.109375
27 0.225586 0.380859 0.099609 0.074219
11 0.233398 0.316406 0.107422 0.082031
3 0.240234 0.244141 0.085938 0.097656
2 0.277344 0.193359 0.082031 0.085938
1 0.334961 0.162109 0.107422 0.085938
14 0.583984 0.211914 0.085938 0.099609
25 0.728516 0.409180 0.121094 0.130859
4 0.525391 0.775391 0.710938 0.332031
6 0.708984 0.680664 0.125000 0.072266
17 0.536133 0.739258 0.076172 0.091797
24 0.466797 0.755859 0.066406 0.085938
19 0.344727 0.769531 0.064453 0.085938
8 0.231445 0.733398 0.099609 0.068359
9 0.244141 0.678711 0.078125 0.052734
5 0.508789 0.675781 0.451172 0.210938
