0 0.533203 0.335938 0.742188 0.546875
10 0.250000 0.539062 0.117188 0.093750
23 0.231445 0.460938 0.123047 0.105469
27 0.225586 0.378906 0.095703 0.078125
11 0.234375 0.316406 0.105469 0.082031
1 0.334961 0.162109 0.107422 0.078125
15 0.679688 0.331055 0.097656 0.091797
25 0.725586 0.412109 0.119141 0.125000
16 0.772461 0.482422 0.115234 0.113281
29 0.761719 0.638672 0.121094 0.070312
6 0.713867 0.680664 0.123047 0.068359
30 0.647461 0.708984 0.099609 0.070312
17 0.536133 0.739258 0.076172 0.091797
24 0.467773 0.754883 0.068359 0.087891
19 0.344727 0.770508 0.064453 0.087891
22 0.293945 0.772461 0.056641 0.080078
20 0.232422 0.759766 0.074219 0.074219
8 0.233398 0.725586 0.095703 0.076172
4 0.523438 0.775391 0.714844 0.332031
5 0.505859 0.667969 0.453125 0.195312
