0 0.534180 0.333008 0.740234 0.552734
10 0.249023 0.539062 0.115234 0.089844
23 0.231445 0.459961 0.123047 0.111328
27 0.225586 0.379883 0.095703 0.072266
11 0.233398 0.318359 0.103516 0.082031
3 0.242188 0.244141 0.085938 0.101562
2 0.278320 0.193359 0.087891 0.085938
1 0.336914 0.160156 0.099609 0.082031
12 0.424805 0.154297 0.107422 0.078125
13 0.511719 0.172852 0.085938 0.072266
14 0.584961 0.212891 0.083984 0.097656
28 0.631836 0.274414 0.099609 0.083984
15 0.679688 0.331055 0.097656 0.091797
25 0.727539 0.410156 0.119141 0.125000
16 0.771484 0.483398 0.117188 0.111328
4 0.524414 0.775391 0.716797 0.332031
29 0.759766 0.639648 0.121094 0.072266
6 0.712891 0.679688 0.121094 0.070312
30 0.652344 0.708984 0.089844 0.074219
7 0.602539 0.721680 0.076172 0.076172
17 0.536133 0.739258 0.072266 0.091797
24 0.467773 0.753906 0.068359 0.085938
18 0.404297 0.763672 0.066406 0.085938
19 0.343750 0.770508 0.062500 0.087891
22 0.293945 0.773438 0.056641 0.082031
26 0.250977 0.771484 0.041016 0.097656
20 0.231445 0.757812 0.083984 0.089844
21 0.231445 0.731445 0.095703 0.064453
8 0.243164 0.694336 0.083984 0.021484
9 0.246094 0.671875 0.078125 0.042969
5 0.504883 0.649414 0.443359 0.158203
