0 0.481445 0.268555 0.716797 0.447266
10 0.255859 0.427734 0.113281 0.093750
27 0.393555 0.317383 0.091797 0.091797
11 0.452148 0.272461 0.095703 0.087891
1 0.672852 0.166016 0.115234 0.097656
12 0.755859 0.164062 0.089844 0.093750
13 0.802734 0.182617 0.054688 0.087891
14 0.800781 0.212891 0.097656 0.089844
28 0.787109 0.271484 0.097656 0.062500
25 0.751953 0.371094 0.125000 0.097656
6 0.772461 0.636719 0.083984 0.066406
30 0.785156 0.691406 0.074219 0.050781
7 0.800781 0.736328 0.078125 0.066406
17 0.797852 0.768555 0.064453 0.091797
18 0.754883 0.802734 0.060547 0.078125
19 0.703125 0.805664 0.062500 0.076172
22 0.644531 0.799805 0.066406 0.083984
26 0.574219 0.782227 0.078125 0.095703
20 0.495117 0.750977 0.080078 0.080078
21 0.435547 0.719727 0.097656 0.080078
8 0.354492 0.666992 0.123047 0.095703
9 0.281250 0.599609 0.121094 0.097656
4 0.488281 0.736328 0.703125 0.425781
5 0.507812 0.642578 0.496094 0.265625
