0 0.482422 0.273438 0.718750 0.453125
10 0.256836 0.427734 0.115234 0.097656
27 0.393555 0.317383 0.095703 0.087891
11 0.451172 0.274414 0.093750 0.087891
2 0.593750 0.186523 0.085938 0.087891
1 0.674805 0.166016 0.115234 0.093750
13 0.788086 0.181641 0.087891 0.085938
14 0.796875 0.211914 0.093750 0.095703
28 0.787109 0.275391 0.097656 0.062500
15 0.775391 0.315430 0.101562 0.068359
25 0.751953 0.375977 0.125000 0.087891
29 0.716797 0.571289 0.078125 0.072266
6 0.761719 0.641602 0.089844 0.076172
30 0.781250 0.691406 0.078125 0.054688
7 0.795898 0.736328 0.080078 0.074219
24 0.793945 0.792969 0.037109 0.082031
18 0.755859 0.803711 0.062500 0.080078
19 0.705078 0.806641 0.066406 0.082031
22 0.644531 0.799805 0.070312 0.083984
26 0.575195 0.782227 0.076172 0.095703
8 0.355469 0.667969 0.125000 0.093750
9 0.278320 0.598633 0.119141 0.099609
4 0.489258 0.737305 0.701172 0.423828
5 0.506836 0.638672 0.490234 0.261719
