0 0.482422 0.268555 0.718750 0.447266
10 0.256836 0.430664 0.115234 0.095703
11 0.452148 0.274414 0.091797 0.083984
2 0.593750 0.187500 0.089844 0.089844
1 0.677734 0.164062 0.109375 0.097656
13 0.789062 0.181641 0.078125 0.082031
28 0.786133 0.266602 0.099609 0.072266
15 0.775391 0.318359 0.101562 0.058594
16 0.706055 0.423828 0.115234 0.082031
29 0.716797 0.571289 0.082031 0.076172
6 0.765625 0.641602 0.082031 0.068359
30 0.784180 0.699219 0.083984 0.058594
17 0.795898 0.773438 0.068359 0.085938
24 0.789062 0.793945 0.046875 0.083984
18 0.753906 0.803711 0.058594 0.080078
19 0.704102 0.806641 0.060547 0.082031
22 0.644531 0.798828 0.066406 0.082031
20 0.496094 0.752930 0.082031 0.076172
21 0.434570 0.720703 0.095703 0.078125
8 0.354492 0.666992 0.126953 0.095703
9 0.280273 0.597656 0.123047 0.093750
4 0.490234 0.737305 0.695312 0.423828
5 0.507812 0.641602 0.492188 0.271484
