0 0.453125 0.272461 0.726562 0.447266
10 0.218750 0.431641 0.113281 0.101562
27 0.336914 0.319336 0.095703 0.095703
3 0.444336 0.222656 0.083984 0.105469
2 0.524414 0.191406 0.087891 0.085938
1 0.610352 0.167969 0.111328 0.093750
14 0.758789 0.216797 0.095703 0.097656
15 0.751953 0.319336 0.101562 0.064453
25 0.729492 0.380859 0.103516 0.089844
17 0.750977 0.780273 0.068359 0.095703
18 0.689453 0.808594 0.074219 0.078125
22 0.576172 0.804688 0.066406 0.089844
8 0.301758 0.668945 0.126953 0.095703
5 0.478516 0.655273 0.464844 0.287109
4 0.448242 0.739258 0.701172 0.427734
