0 0.454102 0.274414 0.728516 0.447266
23 0.278320 0.380859 0.123047 0.113281
27 0.337891 0.319336 0.089844 0.095703
3 0.443359 0.222656 0.085938 0.101562
2 0.525391 0.191406 0.082031 0.085938
1 0.608398 0.167969 0.111328 0.093750
13 0.739258 0.186523 0.080078 0.083984
28 0.756836 0.270508 0.099609 0.076172
29 0.705078 0.577148 0.097656 0.076172
6 0.744141 0.653320 0.093750 0.083984
7 0.762695 0.746094 0.076172 0.074219
17 0.745117 0.779297 0.072266 0.085938
19 0.636719 0.813477 0.066406 0.080078
22 0.576172 0.804688 0.070312 0.085938
9 0.237305 0.600586 0.119141 0.095703
5 0.474609 0.659180 0.480469 0.291016
4 0.453125 0.739258 0.703125 0.423828
