0 0.454102 0.274414 0.728516 0.447266
10 0.217773 0.432617 0.115234 0.095703
27 0.337891 0.321289 0.093750 0.091797
3 0.444336 0.222656 0.083984 0.105469
2 0.526367 0.190430 0.080078 0.091797
1 0.609375 0.168945 0.109375 0.095703
13 0.738281 0.186523 0.078125 0.076172
14 0.760742 0.217773 0.087891 0.091797
28 0.754883 0.279297 0.103516 0.058594
25 0.738281 0.380859 0.121094 0.109375
16 0.694336 0.439453 0.091797 0.058594
29 0.708008 0.578125 0.087891 0.074219
6 0.745117 0.650391 0.095703 0.074219
30 0.754883 0.696289 0.076172 0.048828
7 0.762695 0.742188 0.076172 0.070312
17 0.762695 0.779297 0.044922 0.085938
24 0.737305 0.796875 0.044922 0.085938
18 0.693359 0.806641 0.050781 0.070312
19 0.635742 0.812500 0.064453 0.078125
22 0.575195 0.802734 0.068359 0.082031
26 0.503906 0.788086 0.078125 0.099609
20 0.428711 0.755859 0.080078 0.082031
21 0.376953 0.722656 0.097656 0.085938
5 0.468750 0.649414 0.488281 0.271484
4 0.450195 0.740234 0.705078 0.425781
