0 0.453125 0.273438 0.722656 0.449219
2 0.525391 0.191406 0.082031 0.085938
1 0.611328 0.168945 0.109375 0.091797
12 0.696289 0.166992 0.091797 0.087891
13 0.751953 0.188477 0.054688 0.083984
14 0.756836 0.216797 0.099609 0.089844
28 0.758789 0.279297 0.095703 0.062500
15 0.750977 0.322266 0.103516 0.058594
16 0.705078 0.429688 0.113281 0.085938
17 0.761719 0.781250 0.046875 0.097656
24 0.728516 0.795898 0.054688 0.080078
9 0.238281 0.598633 0.125000 0.099609
5 0.453125 0.740234 0.710938 0.421875
4 0.482422 0.654297 0.488281 0.292969
