0 0.452148 0.274414 0.728516 0.451172
23 0.279297 0.379883 0.125000 0.115234
27 0.336914 0.320312 0.091797 0.089844
3 0.445312 0.223633 0.089844 0.099609
2 0.526367 0.191406 0.080078 0.093750
1 0.608398 0.168945 0.111328 0.095703
12 0.695312 0.172852 0.093750 0.099609
13 0.753906 0.188477 0.058594 0.087891
14 0.759766 0.216797 0.089844 0.093750
28 0.756836 0.279297 0.095703 0.066406
15 0.752930 0.323242 0.099609 0.060547
25 0.739258 0.385742 0.130859 0.095703
16 0.692383 0.443359 0.087891 0.058594
29 0.708008 0.586914 0.091797 0.091797
30 0.756836 0.695312 0.080078 0.042969
7 0.759766 0.743164 0.082031 0.072266
17 0.764648 0.777344 0.037109 0.085938
24 0.734375 0.799805 0.050781 0.083984
18 0.686523 0.808594 0.068359 0.074219
26 0.503906 0.787109 0.078125 0.093750
20 0.427734 0.755859 0.078125 0.078125
21 0.375000 0.723633 0.097656 0.083984
8 0.302734 0.669922 0.125000 0.097656
9 0.237305 0.602539 0.119141 0.095703
4 0.452148 0.740234 0.705078 0.421875
5 0.474609 0.655273 0.472656 0.287109
