0 0.453125 0.273438 0.710938 0.429688
10 0.234375 0.449219 0.113281 0.070312
11 0.438477 0.333984 0.091797 0.074219
3 0.501953 0.288086 0.093750 0.107422
2 0.583984 0.252930 0.085938 0.095703
1 0.665039 0.226562 0.107422 0.109375
12 0.740234 0.212891 0.089844 0.105469
13 0.781250 0.208008 0.058594 0.087891
14 0.805664 0.221680 0.033203 0.091797
28 0.760742 0.276367 0.095703 0.037109
15 0.743164 0.303711 0.103516 0.060547
25 0.699219 0.338867 0.097656 0.072266
16 0.640625 0.377930 0.074219 0.041016
29 0.665039 0.516602 0.099609 0.095703
30 0.753906 0.665039 0.074219 0.060547
7 0.770508 0.714844 0.080078 0.058594
17 0.768555 0.771484 0.080078 0.085938
24 0.761719 0.806641 0.070312 0.082031
18 0.742188 0.832031 0.058594 0.078125
19 0.692383 0.844727 0.064453 0.076172
22 0.635742 0.844727 0.072266 0.076172
26 0.564453 0.833008 0.074219 0.087891
21 0.421875 0.754883 0.093750 0.091797
8 0.338867 0.695312 0.126953 0.113281
9 0.258789 0.615234 0.123047 0.109375
4 0.462891 0.708008 0.695312 0.541016
5 0.462891 0.627930 0.519531 0.353516
