0 0.453125 0.274414 0.710938 0.431641
11 0.436523 0.333984 0.091797 0.082031
3 0.502930 0.285156 0.095703 0.109375
13 0.770508 0.207031 0.072266 0.082031
28 0.759766 0.268555 0.097656 0.056641
15 0.742188 0.297852 0.101562 0.056641
16 0.665039 0.361328 0.119141 0.070312
6 0.729492 0.598633 0.083984 0.095703
30 0.753906 0.669922 0.074219 0.066406
26 0.564453 0.833008 0.082031 0.087891
20 0.484375 0.800781 0.082031 0.093750
4 0.461914 0.708008 0.697266 0.544922
5 0.476562 0.635742 0.496094 0.365234
