0 0.451172 0.271484 0.707031 0.429688
10 0.233398 0.448242 0.115234 0.076172
11 0.436523 0.333008 0.091797 0.083984
1 0.662109 0.224609 0.113281 0.109375
12 0.737305 0.209961 0.087891 0.107422
13 0.783203 0.204102 0.050781 0.083984
28 0.759766 0.267578 0.097656 0.046875
15 0.740234 0.302734 0.101562 0.058594
25 0.698242 0.334961 0.095703 0.080078
16 0.635742 0.377930 0.068359 0.048828
6 0.726562 0.597656 0.085938 0.097656
24 0.760742 0.808594 0.072266 0.082031
22 0.636719 0.843750 0.066406 0.074219
26 0.564453 0.833008 0.078125 0.087891
20 0.484375 0.797852 0.078125 0.087891
21 0.421875 0.756836 0.097656 0.091797
9 0.257812 0.614258 0.121094 0.103516
4 0.461914 0.706055 0.693359 0.541016
5 0.468750 0.627930 0.503906 0.349609
