0 0.450195 0.273438 0.705078 0.429688
10 0.231445 0.448242 0.115234 0.076172
27 0.379883 0.367188 0.091797 0.082031
11 0.436523 0.333008 0.091797 0.080078
2 0.583984 0.252930 0.085938 0.095703
28 0.758789 0.256836 0.099609 0.076172
25 0.715820 0.330078 0.130859 0.082031
16 0.644531 0.378906 0.082031 0.042969
29 0.666016 0.512695 0.101562 0.095703
6 0.725586 0.599609 0.083984 0.097656
17 0.770508 0.774414 0.080078 0.087891
26 0.565430 0.833984 0.080078 0.089844
20 0.483398 0.797852 0.080078 0.087891
8 0.338867 0.695312 0.126953 0.113281
4 0.462891 0.709961 0.699219 0.541016
5 0.470703 0.631836 0.496094 0.357422
