0 0.453125 0.285156 0.730469 0.394531
10 0.209961 0.442383 0.119141 0.076172
27 0.324219 0.372070 0.093750 0.087891
3 0.425781 0.298828 0.082031 0.105469
2 0.506836 0.268555 0.080078 0.099609
1 0.590820 0.247070 0.107422 0.107422
13 0.729492 0.234375 0.083984 0.093750
25 0.740234 0.351562 0.125000 0.089844
17 0.731445 0.802734 0.083984 0.085938
18 0.673828 0.859375 0.062500 0.074219
19 0.614258 0.867188 0.064453 0.066406
4 0.450195 0.726562 0.705078 0.535156
5 0.475586 0.651367 0.478516 0.365234
