0 0.452148 0.284180 0.728516 0.396484
10 0.207031 0.441406 0.109375 0.078125
23 0.266602 0.412109 0.119141 0.093750
27 0.323242 0.370117 0.095703 0.087891
11 0.372070 0.337891 0.095703 0.085938
2 0.506836 0.268555 0.083984 0.095703
1 0.589844 0.247070 0.109375 0.107422
12 0.676758 0.233398 0.099609 0.107422
13 0.737305 0.235352 0.060547 0.095703
14 0.759766 0.250977 0.054688 0.099609
28 0.750977 0.284180 0.095703 0.072266
15 0.753906 0.327148 0.097656 0.068359
25 0.733398 0.366211 0.099609 0.076172
16 0.696289 0.402344 0.080078 0.042969
29 0.708984 0.537109 0.101562 0.097656
6 0.741211 0.627930 0.095703 0.095703
30 0.749023 0.698242 0.080078 0.068359
7 0.752930 0.752930 0.076172 0.076172
17 0.734375 0.807617 0.078125 0.080078
24 0.718750 0.835938 0.054688 0.082031
18 0.673828 0.859375 0.058594 0.070312
19 0.618164 0.867188 0.064453 0.070312
22 0.553711 0.861328 0.064453 0.078125
21 0.362305 0.763672 0.095703 0.089844
8 0.291016 0.697266 0.125000 0.117188
9 0.231445 0.612305 0.123047 0.111328
4 0.451172 0.728516 0.707031 0.535156
5 0.475586 0.648438 0.470703 0.359375
