0 0.452148 0.283203 0.728516 0.402344
10 0.208984 0.442383 0.109375 0.080078
23 0.266602 0.413086 0.123047 0.091797
27 0.322266 0.372070 0.093750 0.083984
11 0.375000 0.336914 0.097656 0.076172
12 0.674805 0.237305 0.103516 0.103516
15 0.750000 0.322266 0.101562 0.062500
25 0.731445 0.364258 0.103516 0.072266
29 0.707031 0.541016 0.101562 0.105469
30 0.750977 0.702148 0.083984 0.080078
19 0.618164 0.864258 0.064453 0.068359
22 0.553711 0.861328 0.064453 0.082031
9 0.231445 0.612305 0.119141 0.107422
4 0.449219 0.726562 0.703125 0.535156
5 0.474609 0.647461 0.464844 0.361328
