0 0.450195 0.284180 0.732422 0.396484
10 0.208984 0.443359 0.109375 0.078125
23 0.266602 0.412109 0.123047 0.093750
27 0.323242 0.369141 0.091797 0.085938
11 0.373047 0.337891 0.093750 0.078125
3 0.425781 0.296875 0.082031 0.113281
2 0.505859 0.269531 0.078125 0.093750
12 0.672852 0.236328 0.099609 0.105469
13 0.736328 0.235352 0.054688 0.099609
14 0.756836 0.247070 0.060547 0.099609
28 0.750977 0.286133 0.095703 0.076172
15 0.751953 0.330078 0.101562 0.050781
25 0.730469 0.366211 0.101562 0.076172
16 0.682617 0.401367 0.056641 0.044922
29 0.708008 0.540039 0.099609 0.103516
30 0.748047 0.701172 0.082031 0.074219
7 0.754883 0.753906 0.072266 0.070312
17 0.735352 0.809570 0.076172 0.076172
24 0.715820 0.837891 0.060547 0.082031
18 0.673828 0.858398 0.062500 0.076172
19 0.617188 0.865234 0.062500 0.074219
22 0.553711 0.861328 0.064453 0.078125
26 0.486328 0.846680 0.078125 0.091797
20 0.411133 0.806641 0.080078 0.085938
21 0.360352 0.761719 0.095703 0.089844
8 0.290039 0.695312 0.126953 0.109375
9 0.231445 0.613281 0.123047 0.113281
4 0.450195 0.727539 0.705078 0.537109
5 0.477539 0.646484 0.470703 0.355469
