0 0.453125 0.285156 0.726562 0.402344
10 0.208984 0.443359 0.109375 0.078125
23 0.267578 0.411133 0.121094 0.095703
27 0.322266 0.370117 0.093750 0.083984
11 0.371094 0.336914 0.093750 0.083984
3 0.425781 0.296875 0.085938 0.105469
2 0.506836 0.269531 0.080078 0.093750
1 0.590820 0.246094 0.107422 0.109375
12 0.676758 0.235352 0.091797 0.107422
13 0.736328 0.238281 0.058594 0.093750
14 0.766602 0.248047 0.037109 0.097656
28 0.751953 0.283203 0.093750 0.078125
25 0.742188 0.352539 0.121094 0.072266
16 0.713867 0.400391 0.115234 0.042969
29 0.707031 0.537109 0.105469 0.097656
6 0.740234 0.628906 0.101562 0.093750
30 0.750977 0.700195 0.080078 0.064453
7 0.753906 0.751953 0.078125 0.074219
17 0.732422 0.805664 0.070312 0.083984
24 0.719727 0.838867 0.052734 0.080078
18 0.675781 0.857422 0.058594 0.070312
19 0.615234 0.867188 0.062500 0.070312
22 0.553711 0.861328 0.064453 0.078125
26 0.487305 0.845703 0.076172 0.089844
20 0.412109 0.808594 0.078125 0.085938
21 0.361328 0.761719 0.097656 0.089844
8 0.291016 0.698242 0.128906 0.111328
9 0.230469 0.611328 0.125000 0.105469
4 0.451172 0.725586 0.703125 0.533203
5 0.468750 0.646484 0.468750 0.359375
