0 0.457031 0.277344 0.718750 0.480469
23 0.300781 0.359375 0.125000 0.117188
11 0.421875 0.249023 0.093750 0.091797
3 0.485352 0.190430 0.091797 0.095703
2 0.568359 0.155273 0.082031 0.080078
14 0.775391 0.213867 0.089844 0.095703
28 0.762695 0.281250 0.099609 0.066406
15 0.751953 0.331055 0.105469 0.064453
25 0.729492 0.392578 0.126953 0.093750
16 0.683594 0.459961 0.109375 0.076172
29 0.710938 0.618164 0.054688 0.080078
17 0.780273 0.758789 0.052734 0.091797
18 0.725586 0.778320 0.052734 0.080078
19 0.675781 0.774414 0.062500 0.083984
22 0.618164 0.766602 0.068359 0.087891
20 0.467773 0.716797 0.080078 0.078125
8 0.329102 0.649414 0.126953 0.087891
9 0.253906 0.588867 0.121094 0.087891
4 0.459961 0.737305 0.697266 0.396484
5 0.490234 0.632812 0.468750 0.234375
