0 0.457031 0.274414 0.718750 0.478516
10 0.229492 0.420898 0.115234 0.103516
23 0.302734 0.363281 0.121094 0.125000
27 0.368164 0.294922 0.091797 0.097656
2 0.566406 0.155273 0.082031 0.083984
1 0.649414 0.135742 0.107422 0.083984
13 0.760742 0.170898 0.080078 0.080078
15 0.750000 0.330078 0.097656 0.070312
25 0.729492 0.395508 0.126953 0.087891
16 0.684570 0.462891 0.115234 0.078125
29 0.708984 0.620117 0.050781 0.076172
7 0.776367 0.735352 0.072266 0.072266
24 0.764648 0.775391 0.041016 0.078125
18 0.724609 0.778320 0.066406 0.080078
22 0.619141 0.764648 0.066406 0.087891
26 0.548828 0.746094 0.078125 0.093750
20 0.467773 0.717773 0.080078 0.076172
8 0.328125 0.649414 0.128906 0.083984
9 0.254883 0.587891 0.123047 0.085938
4 0.458008 0.738281 0.693359 0.394531
5 0.492188 0.639648 0.464844 0.240234
