0 0.530273 0.269531 0.720703 0.472656
10 0.298828 0.424805 0.121094 0.103516
23 0.367188 0.364258 0.125000 0.119141
27 0.431641 0.297852 0.093750 0.091797
11 0.486328 0.251953 0.093750 0.089844
2 0.625977 0.155273 0.087891 0.083984
13 0.829102 0.175781 0.083984 0.082031
14 0.838867 0.213867 0.107422 0.095703
16 0.767578 0.458984 0.117188 0.085938
7 0.842773 0.737305 0.080078 0.072266
17 0.836914 0.764648 0.064453 0.083984
22 0.678711 0.764648 0.068359 0.087891
26 0.607422 0.749023 0.074219 0.095703
20 0.527344 0.720703 0.082031 0.082031
4 0.530273 0.740234 0.697266 0.390625
5 0.557617 0.645508 0.482422 0.251953
