0 0.531250 0.279297 0.722656 0.484375
10 0.299805 0.423828 0.115234 0.105469
23 0.369141 0.363281 0.125000 0.121094
27 0.429688 0.297852 0.093750 0.091797
11 0.487305 0.250977 0.095703 0.087891
2 0.626953 0.157227 0.082031 0.080078
12 0.784180 0.144531 0.107422 0.085938
13 0.831055 0.172852 0.080078 0.083984
28 0.834961 0.274414 0.099609 0.080078
25 0.805664 0.395508 0.119141 0.095703
16 0.768555 0.462891 0.119141 0.078125
6 0.826172 0.666016 0.074219 0.074219
7 0.844727 0.738281 0.076172 0.070312
17 0.851562 0.769531 0.039062 0.078125
24 0.824219 0.777344 0.062500 0.078125
19 0.741211 0.775391 0.060547 0.085938
22 0.677734 0.766602 0.066406 0.087891
26 0.605469 0.750000 0.078125 0.097656
20 0.529297 0.721680 0.082031 0.080078
21 0.471680 0.698242 0.099609 0.076172
8 0.392578 0.652344 0.128906 0.085938
9 0.324219 0.592773 0.125000 0.087891
4 0.529297 0.742188 0.703125 0.390625
5 0.560547 0.638672 0.480469 0.238281
