0 0.528320 0.278320 0.724609 0.486328
27 0.433594 0.296875 0.089844 0.097656
11 0.485352 0.251953 0.099609 0.097656
2 0.626953 0.158203 0.082031 0.085938
1 0.708984 0.136719 0.113281 0.085938
28 0.834961 0.275391 0.099609 0.078125
16 0.767578 0.459961 0.117188 0.080078
29 0.784180 0.616211 0.064453 0.087891
30 0.833008 0.711914 0.080078 0.068359
6 0.392578 0.649414 0.128906 0.083984
29 0.323242 0.591797 0.123047 0.089844
4 0.532227 0.738281 0.701172 0.394531
5 0.559570 0.642578 0.482422 0.246094
