0 0.529297 0.279297 0.722656 0.484375
10 0.299805 0.426758 0.115234 0.103516
23 0.367188 0.364258 0.125000 0.119141
27 0.431641 0.298828 0.097656 0.093750
11 0.487305 0.251953 0.095703 0.093750
2 0.626953 0.156250 0.085938 0.082031
12 0.784180 0.146484 0.103516 0.085938
13 0.830078 0.171875 0.082031 0.082031
28 0.835938 0.275391 0.097656 0.074219
25 0.804688 0.399414 0.125000 0.099609
29 0.784180 0.603516 0.068359 0.066406
6 0.823242 0.659180 0.099609 0.052734
30 0.833008 0.713867 0.083984 0.064453
24 0.825195 0.777344 0.052734 0.082031
19 0.736328 0.775391 0.070312 0.082031
22 0.678711 0.764648 0.060547 0.087891
26 0.607422 0.751953 0.074219 0.097656
20 0.527344 0.722656 0.078125 0.078125
21 0.472656 0.697266 0.097656 0.078125
9 0.322266 0.593750 0.121094 0.093750
4 0.531250 0.739258 0.699219 0.388672
5 0.558594 0.639648 0.464844 0.232422
